1127 539 811

1642 901


1420 463 544
893 87
1357
1813 1811 1187 1266
1228 1122 142 653 93 501 879 727
410 356
1264
1182 46
88

556
888
1202 390 391
1648 1392
428 52
922

1103 43 44
249
1616 754
1714 1202
1171 260 377
806 267
1489 473
1470 360
1221 937
1305 1063
714 408

569
1609 906
1177 540
1693 1692 1482 235 1225
144 66
1650 360
506 261 507 395

1441
836 827
1590 115 637
1724 464
1809 12 1701

1701 89 270
1313 109 838
195

1367 40
421
1793
1693 917 1692
1626 135 925
1305
767

135


960 959
295
160
1791
1647
267
1285 1257
1543
1243
1692
1567 267 1487 332
1779 1487
1799 777 970
1007 38
214
632 1337 1057
1650 169
1086 571
1503 1183
715 321 650
1307 1223
946
1732 1731 526 1037 1031 208 1126 1127

67

962
110
970 488 210 1809 409
556 35
1692
268
938

1280
900

312
984 1478 1387
1576 160 1257
926 796
1174 1806 1386
1128 211
1514

1810 1621 1599 1275 271 574
1809 202 1511
848 798

827 779
1512 141 216
1723
1669 207 1292 206 625 1293 1422
480
1595 788

1187 492
1650 169
1406 427
1700
800

1709
1783 1780

1670 1470 30 836

1595

1668 901


694 1008 462 677
1633

983
1514 589
1724 1723 1387 868 1104
1377

188
1082 72 108
1280 564
568 546 746 144 516
607
1418 99
647
15
1681 1305 1516
1671

663 413
901
1473 287 504
57
1596 700 1112
1293 270 247 70 182
7
1692 1373
1809 1693
1562 435 1359
1524 1493 386 1373
1325
1363
1558 797 1102
1782 1576 1655
1676 1673
1611
1575 658
1458 937

137
1569 271
1500 135 1067

1703
1280 54
1311
1012 396


868
1516 271
1302 889
1357 60 1054
1302 951
1178 1177 239 45 1078 231

1106 868 1105

1443 713
546 156
992

1045

1508 1212
395

883 481 506
1178 1177

752
1498 708 1285
1707 1706 44 1053
1766 1765 1764 200 367
1596 457
1450
480

1491 906
1372

997 273 995
1180
312

706 5
1489 1225
1364
1356 1063 428 904
1302
1344 1031
1489 1187 797 843
205

546
1765 32
142 31
1765 1500
1668 231
1347
1765 1349 137 1134
1302 1271 481 874
1709 798 1122
1660 983 1451
1669 1591
1373 1418 298 1106

1127
1734 435 1267 777
796 795
1263 797 736 144 639
1177 836
733
1036
1766 1765 452 1764
402
831 602
364
1811 547
1657 1489
1029 721

1126
1301 896 154 445


1668 749
1035 277 1036 854
1670 1293
1135
158
1126
1491 994 1304
1809 1782 1783
1187 1063
795 233 650
1474 1372
1499 366
1560
1596 375 1689 814
1114
1693 142 1491
1669 206 1668
663
986 983
1764 1242 752 1737 1072
1555 1387 36 599
1495
1451 1373 200 794
1364 154 806
361

1564
1233 615
1558 452 1367

1668 1502 1055 69 181
795
373
335
1714 139 1554


868 866

1591 1053
254

1765 295
1050 587
1392 1236 22 1391 502
1595 89
1494 137


1318 583
1191 426
1802
1731 895 1470 56 640
1605 610 1008
1759 868 879
1765 232 488

1332
130
159
1811 1016
1491 72
329 207
742 137 240 198
1077 663
1388
983 927

1561 931 1737 435 650
1791 1418 926 1174

1775 1008

1781 93


794
1237
704 15
1328
1319 1049


667
1177
1590 658

1797 144
917
1810 1775

1811 163 1200
1222
498
1514 271 56 270
1463 664 1182
860
1813 1187 1811

94
1514
797 271 546
1706 910 982 44 508
317 1264 620
1725 631
1301 1300
639
658 650
1789 1696
464 397
1127
1346
612
208
1245
1410 15 1266
1422 826 920
176
1557


1123 695 1122
1689 847

1047 1046 474 475
1600 298
1731
949 827
1110 107
1138 991 1463 154 924
144 1111 397

885 868

1765 1512
704
256
1550 1451

1111
1352 701

1630 1493 961 1293

1737 195 1054

1538 1468
809 393
1128 787
1575
797
1600 34 978
140
1498 1502 158 495
711
249

1122
1177
1546 101 109
745
359
1470 1111
690
667 160
144
1591 136
911 172 797
1765 1659 1631 1374 60 1307
1779 357
1202
1669 1668
1688 575
1639
142
800
846 346 795
1046 1677 1579 1047
507 94
830 628 629

160
1688 234
1112 279

1435
1369 398 1178
93
1448 868
1643 1512 1201 1235
1765
1553
1007
1668

212
1782 3 1618 1282

816
1655
1275 547
208
1090

1448 77 607
1690 1187
446 1285 1236
1541 1034 1426
1811 1219 267 828 548

1743 1192

1782 1628 1007 1188

1300 233 927
1046 210

42

208
1691 1731 450 1690

176
1669 1135 1451
801
916
593

1463

182
732
1034 620
1444
674 498
1728 1135 1120 319 927
1809 1560
1030 883
1347
1451

332 26 271
1422

1515

1112
1809 509
1488 1486 1122 1487 1452
1575 191
1422
1617

99 24
1448 803 1055


201
1182 230 868
158
208
1493 474
1627 1007 1328

1202 1201 98 309 99
1560 494 781
1551
1256
1031 719

891
1202 99 1201

1493
326
1266 1112
893 449

977 35 1808 478


1012 396
1499
1431
1054 838 1452 1053

721
1576 689 1391
1182 46
626 620
553 22
570 928 893



1179 405
1752

779

1752 734
1778 1421 1392 65 711
833
1489
1124
29

1672 310 436
1274 506


154
110
1616 1127
797
1178 491
230 45 43 44
824
806
1699 69 890
713
727 725 726
54
717
1124 729
1689 708 1596
1394 879
1783 1155 1581
302 177

1713 1266 1595

1498 54 309
812 290
31
1617
1643 586
1713 795

1224 906
983
205
1766 1219 250 536

65
498
1364 725
1498 1452
1184 46
1710 1576
1033 932
1617 181

779
251
1580 807 862

1723 231 1724 408

45
1611 809
984 909
1260
332
1364 60 1223
1631 505
1756


1809 1406 609 1050
555
359
1292
1302

1564 1285 1563
1768 927 159 895
1282 1273
504 135 137


574 144
1729 1458

1502 803
838
565 242
1761
1280 5 290
710
961 797
1605

983 288

879 79 1732 878
1811 163 1200
1697 644 1692
1512
296
1787 449 1627


1516 271
1583
582 97 256
1493
200


868 96 762


1488



983 1511 1056
1005 228

1375

998 632
1701 1375

1670 756
1627 1487 1488
1003 305
1809
1201 99
1188 797 898
410 356
789

1754 1739 154 1141
1666 690
1417 367
916
198


1138 247 54 1463 154
33 16
160 154
1235 765
1728 1396 1038 1590 1086
22
1580


1451 408
1704 47
766 24
779
1738 1514
1648 198 1491
1459 609 866

1799 346
1810
326 154
559

343 86
513 502
611
1050 146 506
1616 180 1023


1029 494
906 93
1692 1681 60 206
1369
1436
1662 332
161
1463
1410 811
1266
93 1781 94
1349
1737 1493 236 339
1779 200 1199
1150 445
1782 1110 231 420
814
725
1698 534
144 35
1774 1257
146
1590 829 1126 321 639
928 230
1594
1421 1420
1810 1775 1516 97 544
1420
1045 276 599
970
1369 1336 623 1065

1713 1053 1186

195
1744 438 1621
1269 563
1809 1765 1016 1083 397 961
72
1580 210
1045
1140
259
774 241
1065 983

999
1765 1512
782 247
324
1723 974
1613
1388 502 794

1063 502
1361 836
1802 843 745 797

1558 1444 108 615
1765

1219 973 860 30 135
1802 964
1491 319 1472
1263 70
1709 1122 1488
1566 579 939
1451 567 157 312

1420 1113 1243
158 860 825
230
1238
1491
1714 502
991 63
798 213

1552 255
636 110 766 171
408
1045
738 115 489

1819 520 1673
868 686
195 194

809 271 121 188
900
1811 388 1744 1590

1006
1573 1256
1728

1423 142

900
635
907

1724 894
939
1053 894 345 797
608
503
1584 486
1223 1121

1086
1752
1018 516 546
57

94
1682
198



1029 231
1325
1488

1105 1451 44 868
160

1800
1707
144
1575 174 981
1675 1046
659 7
1178 983
33 32

546

1811 174
1668 286
1004 291

1655
730 214

622 115 152
855 620
732

1810 345 1809
1560 1559
815 305
852 15 728
1758 1621 1066 266 1230 453
1451 1021
1662 1470 1661
1236
983


765

1750
1767
361 267
398
546 163 398
1092 895
798 736
911 646

1021 894


952
916
1191

946 393 992 54 55

609
1346
663 1491 154 174
1239 759 1177
1582
1112
916 30
1120
812 290
86
1595 1285
1692
554 506
176
1398 182 1140

1591
1005 1644 1140
735 122 200
199
1489
1616
977 34 35
1328
1266
948
1387 951
1590

1713
1008
1522 255 329
878

1487
1063 1185 604 789
1643 1492 1512
1025 983
1166
772 555

1006 163
332
1627 1489
494
1142
742
611 547

1713 1492 1200 1640 1353
253
575
1656 343 1219
199
1492

1410 1143 733 1048
174
1616 1053 634 1591 1052

518
1334 70
962
1538 1264 122 289
540
1498
1418 1007 959 1006
1325
1516 1222 937 1008

107

844 221

1668 160 229
1722 19

94
1632 1580 951 1579
899 898

1765 1266
660 70 318
1242 797
1134 522
1257
1201 1202 271 99 163

332 517 468
